107
0 0 7 11 49 92 92 172 172 306 354 402 449 449
1 1 7 11 49 92 92 172 172 353 354 402 402 449
2 3 7 11 49 92 92 172 178 300 354 402 449 449
3 4 7 11 49 92 92 172 225 300 354 402 402 449
4 7 7 11 49 92 92 172 226 300 354 401 402 449
5 66 7 25 42 53 108 204 210 338 338 396 417 417
6 68 7 25 42 53 108 210 210 338 353 396 396 417
7 114 7 25 42 75 116 116 204 332 402 402 417 417
8 115 7 25 42 75 116 116 204 338 396 402 417 417
9 123 7 25 42 77 108 180 210 338 338 396 417 417
10 125 7 25 42 77 116 180 202 338 338 396 417 417
11 127 7 25 42 77 180 180 202 332 338 338 417 417
12 128 7 25 42 77 180 180 202 338 338 353 396 417
13 129 7 25 42 77 180 180 204 338 338 353 394 417
14 130 7 25 42 77 180 180 210 332 338 353 394 417
15 131 7 25 42 77 180 180 210 338 353 353 394 396
16 132 7 25 42 77 180 180 225 332 338 338 394 417
17 133 7 25 42 77 180 180 225 338 338 353 394 396
18 134 7 25 42 77 180 204 210 308 338 353 394 417
19 135 7 25 42 77 180 204 225 308 338 338 394 417
20 137 7 25 42 77 180 210 210 308 353 353 394 396
21 139 7 25 42 77 180 210 225 308 338 353 394 396
22 200 7 25 42 86 92 172 225 353 353 396 402 402
23 202 7 25 42 86 92 180 225 353 353 394 396 402
24 206 7 25 42 86 116 172 201 353 353 396 402 402
25 207 7 25 42 86 116 172 225 329 353 396 402 402
26 208 7 25 42 86 116 177 202 353 353 396 396 402
27 209 7 25 42 86 116 178 201 353 353 396 396 402
28 215 7 25 42 86 172 204 225 308 329 353 402 402
29 216 7 25 42 86 172 210 210 305 353 353 396 396
30 217 7 25 42 86 172 210 225 305 332 353 396 402
31 219 7 25 42 86 172 225 225 305 332 332 402 402
32 218 7 25 42 86 172 210 225 308 329 353 396 402
33 220 7 25 42 86 172 225 225 308 329 332 402 402
34 231 7 25 42 86 180 180 201 332 353 353 394 402
35 232 7 25 42 86 180 180 201 338 353 353 394 396
36 798 7 25 97 46 170 180 212 332 338 338 393 417
37 800 7 25 97 46 170 210 212 308 332 338 393 417
38 801 7 25 97 46 170 212 212 300 338 338 393 417
39 802 7 25 97 46 170 212 212 306 332 338 393 417
40 804 7 25 97 46 178 178 204 330 340 340 393 417
41 808 7 25 97 46 178 204 210 308 330 340 393 417
42 869 7 25 97 139 170 180 180 300 332 338 338 449
43 871 7 25 97 139 170 180 180 332 332 338 338 417
44 872 7 25 97 139 170 180 212 300 300 338 338 449
45 873 7 25 97 139 170 180 212 300 306 332 338 449
46 874 7 25 97 139 170 180 212 300 332 338 338 417
47 877 7 25 97 139 170 212 212 300 300 306 338 449
48 878 7 25 97 139 170 212 212 300 300 338 338 417
49 880 7 25 97 139 170 212 212 300 306 332 338 417
50 882 7 25 97 139 172 180 210 306 306 332 332 449
51 884 7 25 97 139 172 212 212 300 306 306 330 449
52 885 7 25 97 139 172 212 212 306 306 330 332 417
53 1160 7 11 49 82 108 108 156 284 418 418 449 465
54 1162 7 11 49 82 108 108 156 306 418 449 449 412
55 1166 7 11 49 82 108 156 156 306 418 449 449 364
56 1168 7 11 49 82 108 156 178 284 418 449 449 364
57 1172 7 11 49 82 108 156 284 418 418 449 449 124
58 1175 7 11 49 193 92 92 172 353 354 402 402 428
59 1217 7 25 42 52 77 108 210 338 396 417 417 466
60 1218 7 25 42 52 77 204 210 338 338 417 417 428
61 1219 7 25 42 52 77 204 210 338 396 417 417 370
62 1220 7 25 42 52 77 204 338 338 396 417 417 242
63 1223 7 25 42 52 77 210 210 338 353 396 417 428
64 1224 7 25 42 52 77 210 210 338 396 417 417 364
65 1225 7 25 42 52 77 210 210 353 396 396 417 370
66 1227 7 25 42 52 77 210 225 338 396 396 417 370
67 1412 7 25 42 52 204 204 210 338 353 417 417 286
68 1646 7 25 42 76 139 180 180 338 338 353 396 481
69 1648 7 25 42 76 139 180 210 338 353 353 396 436
70 1658 7 25 42 76 150 180 225 300 338 338 393 481
71 1660 7 25 42 76 150 225 225 300 308 338 393 466
72 1661 7 25 42 76 150 225 225 300 338 338 393 436
73 1663 7 25 42 76 150 225 225 308 308 338 393 458
74 1664 7 25 42 76 150 225 225 308 308 338 394 457
75 1668 7 25 42 76 150 225 225 308 338 393 394 372
76 1670 7 25 42 76 150 225 225 308 338 394 396 369
77 1673 7 25 42 76 154 225 225 308 308 338 396 451
78 1675 7 25 42 76 154 225 225 308 338 338 396 421
79 1729 7 25 42 76 180 180 210 338 353 353 393 398
80 1730 7 25 42 76 180 180 210 338 353 353 394 397
81 1770 7 25 42 76 180 210 225 308 338 353 393 398
82 1732 7 25 42 76 180 180 210 338 353 393 394 357
83 1733 7 25 42 76 180 180 210 338 353 393 396 355
84 1734 7 25 42 76 180 180 210 353 353 393 394 342
85 1735 7 25 42 76 180 180 210 353 353 394 396 339
86 1773 7 25 42 76 180 210 225 308 338 393 394 357
87 2279 7 25 97 385 43 170 180 180 332 332 338 466
88 2281 7 25 97 385 43 170 180 204 308 332 338 466
89 2282 7 25 97 385 43 170 180 204 308 338 338 460
90 2294 7 25 97 385 43 172 180 210 306 332 332 466
91 2297 7 25 97 385 43 172 210 210 306 332 332 436
92 2299 7 25 97 385 43 172 210 210 308 308 332 458
93 2319 7 25 97 385 43 180 180 204 332 338 338 426
94 2333 7 25 97 385 43 180 204 210 308 332 338 426
95 2480 7 25 97 385 170 170 180 180 332 332 338 339
96 2487 7 25 97 385 170 170 180 204 308 332 338 339
97 2488 7 25 97 385 170 170 180 204 308 338 338 333
98 2716 7 25 97 385 170 172 210 212 306 308 330 333
99 3076 7 11 49 82 162 108 108 306 449 449 412 412
100 3077 7 11 49 82 162 108 156 306 449 449 364 412
101 3094 7 25 42 52 76 150 225 338 338 396 425 481
102 3100 7 25 42 52 76 210 210 338 353 396 421 425
103 3101 7 25 42 52 76 210 210 353 353 396 406 425
104 3104 7 25 42 52 76 210 225 338 353 396 406 425
105 3247 7 11 49 81 146 385 284 284 354 236 236 482
106 3253 7 11 49 82 162 193 108 353 354 412 412 412
